-2105374707 -1943494819 -420025692 91339468 -1231308203 -755777733 1985844206 490343450 -1071484551 286166232 -453059115 1302078635 -1358757575 687980410 381833988 -1284652541 -1718759288 1673968235 804258150 -595054086 1105018287 405805413 -93602013 1641329949 -1794033796
818050150 -832484221 2075180480 1879287100 1841639018 -757902373 1319031770 1801604976 800912505 1011868474 -2144145730 1358270742 -762423236 -272183649 -1572074266 -1310086312 -1535048556 960358176 -1212630823 651727809 -586167523 -2124382715 -109664665 673438807 833671481
343909996 901651583 -1376613991 1611384555 -615821767 -571281712 -1176709095 -1816832267 -1413800597 668101462 -1744357271 848654238 1327474110 345398618 713457752 2124687836 -236774810 -1576438789 640775916 -326115995 966058457 2111819941 87035573 397621993 926418833
642200319 -951142429 764912072 259570479 767807754 300772625 -1890315661 1593892163 1571493248 -1117218071 -578132153 1782412750 -46780044 -790962694 1003264465 447347817 546773072 1845364093 1938993218 -1405453369 1240756274 840430940 188128402 488553596 790665535
1380202920 2103582234 -1177191814 999225593 -477235868 -1025133428 1147154819 -486216296 1158570414 -604903106 860721404 -1921706258 915422156 -371774824 -684027581 813003096 2101651563 -483609338 -408502815 -540869032 -1360086706 -130921350 -1824344544 482755667 -1571120079
-485366253 1954074400 1480501022 -1386636415 1032391053 -1718418687 -923772498 -208440125 -1396257387 -303807308 -2130629332 1958270524 -1344615907 -1819570793 36072460 -167285592 -1286462967 301069379 -1524080332 -703688081 211400782 -1299465155 255627969 -1605451297 181678257
-910950276 35578332 1998710813 -1649742912 2144963187 -791435776 -967585415 488405468 105732514 1109991756 -556957214 1122694377 -1623596864 1529135362 -1009226232 1798362994 -643909545 -758293773 -514671449 -488695413 1220374550 132337542 -1925589389 195500669 1410466372
-1522347831 1009027139 721582413 -2122584155 -534720378 1555271740 1446973616 -1396572514 -1165273229 -817030121 538244009 663387634 -1846963045 -718508877 -452985825 904915321 -1015064427 1708165621 -422573382 -1316796042 356815498 165732125 1710176891 1863116736 -1886373703
1356684701 371000972 652685881 231798599 -795118257 -1168537631 92337711 229148059 1039446750 1374895950 -231745677 508761411 -1190329106 -1312112907 765059848 656811588 -895318476 -669303525 -833047758 -1078663419 -64943033 405405903 -1288945181 -1452054550 -1906300735
-1330191094 -566819512 -396926032 -1761349087 2055764762 1652588728 363139985 -1817249278 -489333062 -1606168961 -1028597537 2067263660 -54317299 -433333678 1833564319 -1396195374 1763501678 2012885257 1625860881 118547132 -84005911 2048791958 -1637754216 1443954647 1609351254
