-10 -79 -115 -119 -26 -104 -128 -17 109 -89 -122 33 10 -60 -75 -68 -60 -7 -95 -16 24 90 -26 -38 -58 86 -43 57 -24 7 25 33 -49 44 -24 -39 98 27 -114 68 42 4 -3 -40 -99 -7 93 -13 29 77 30 49 -9 -126 14 -54 -82 -31 -86 44 -115 95 44 36 72 -127 57 -40 -28 -27 -125 -43 -52 -74 63 -104 6 -14 -6 103 79 -30 -36 -80 96 -38 75 -75 27 -20 -102 -50 -91 99 59 -24 -44 -12 100 85
-29 74 14 -101 -2 103 -47 95 -34 17 101 -26 -29 58 -105 24 -90 19 76 90 -51 -120 -32 46 126 -8 30 24 1 -69 -124 -118 27 -61 27 -113 -75 -90 85 -92 -6 -125 -9 -16 39 5 -3 -120 -119 69 13 47 92 17 56 -58 54 -82 45 118 39 -94 -12 60 10 -80 89 47 112 96 87 -62 73 57 105 95 -10 17 5 89 -38 3 -53 108 -21 -121 87 7 -6 -111 34 -3 -114 -76 30 119 28 -33 -49 -8
-83 26 -19 -96 111 -26 54 116 93 -35 0 -53 -26 -25 -75 92 -60 79 9 -121 116 120 -46 -56 -103 -125 -124 -5 -3 24 -101 98 -74 -49 31 -22 44 13 74 12 -76 68 -108 28 29 81 68 52 -97 -62 87 119 97 27 46 -83 -66 -50 -113 -61 -49 -15 -11 -116 15 34 67 -48 60 72 -76 112 -17 -92 -49 119 49 114 85 113 59 -22 -98 -26 -91 73 85 -2 -69 24 -92 -103 -75 -114 81 14 124 -7 -8 85
-12 63 -53 -73 -52 117 12 -86 -128 100 -47 82 -76 -2 7 -14 59 -119 25 36 18 -88 -115 -58 -94 102 -78 68 116 105 -119 87 -94 62 47 93 -123 19 110 -14 -125 107 -69 -38 -64 -64 -50 57 125 -81 -66 -102 33 112 -70 -65 -14 -25 -31 6 120 -117 31 -47 -70 -61 58 44 48 -18 2 -14 -80 -7 -127 66 110 -106 11 43 40 -61 -126 -63 71 120 -37 65 80 -38 -94 47 119 79 46 3 -115 -93 -99 30
20 -106 -21 -61 -122 119 56 111 73 -68 39 -76 -87 -74 -69 0 -50 -58 93 -87 120 41 -13 19 -126 90 -41 17 -6 -83 -98 -38 -51 88 111 120 48 -55 29 89 -88 -126 73 27 -20 -44 -102 19 -72 111 -105 -81 6 89 -40 -44 47 114 7 -3 8 99 108 -98 -59 -13 -24 -28 -23 -28 45 -57 35 83 -107 88 -91 121 -112 3 -42 83 87 117 -95 -3 110 -73 -2 0 15 84 50 -127 51 46 108 -119 -19 92
85 -88 -124 -49 -88 -33 58 1 16 -115 -10 -67 -54 -49 -99 20 -57 120 9 124 -6 -89 -73 42 70 -92 45 14 49 -116 -60 -1 108 -122 119 78 106 80 71 82 -1 96 -36 -108 59 70 -14 16 79 -118 27 16 102 67 -11 -16 76 55 106 87 56 -31 124 10 99 -65 -47 63 13 89 -69 116 117 -2 22 18 -87 127 -58 67 0 127 46 101 83 -125 -1 12 77 7 87 93 77 99 -67 -115 -46 67 70 -4
51 -30 -95 -37 -113 70 53 -50 85 82 104 -97 -48 86 -87 -32 32 123 51 -122 47 100 97 -84 -76 -17 9 -120 -50 -14 -101 -13 22 44 -100 -72 71 100 75 30 -85 -77 -12 11 -125 -78 -22 5 -66 107 81 106 -120 -102 -113 -24 -22 63 -81 -100 -44 -3 28 -92 -111 57 -83 61 38 66 108 -34 -22 16 -27 63 -52 -93 113 -102 -23 101 -100 -43 56 -54 -91 -122 -88 113 65 -21 -121 110 114 5 45 59 -71 -29
-76 115 -122 49 99 -35 -83 24 94 -100 102 -44 3 -44 -72 -8 -17 -26 -51 51 78 40 -24 -28 -64 -86 -80 -90 -42 -30 36 -18 -108 -25 73 56 55 -118 93 -49 -23 60 109 -66 -114 9 -97 -118 -75 45 114 -117 101 -58 88 -121 52 36 -120 44 19 106 -47 39 117 36 -13 115 -62 -64 -98 -70 -59 59 113 -121 87 119 85 11 -125 123 96 -38 81 76 -35 -51 119 -96 57 3 74 -71 2 112 70 75 84 -18
90 -104 95 107 -92 -91 12 -128 -29 -7 0 -23 15 -54 19 -39 122 29 109 127 71 108 -106 -97 55 -81 -45 -73 -75 97 -104 91 83 3 -119 -27 -48 -63 8 -127 86 -21 -17 -46 -27 -53 -88 -10 -110 -15 55 94 64 61 62 107 80 -34 -109 -64 -118 -62 115 40 58 21 9 26 -61 -60 -121 -56 -20 115 -48 -59 -49 -3 102 90 -38 -101 0 -54 124 -13 -107 -52 100 82 -95 21 -71 95 48 13 84 23 -39 -40
-115 43 29 124 65 49 34 -82 -26 37 126 67 -55 108 -105 -62 77 -29 0 11 -76 -75 60 108 65 -42 -54 -125 -106 120 25 -109 62 10 -1 -58 -92 32 52 88 30 -86 125 29 13 -63 -97 -117 34 -118 89 70 10 -119 -127 -91 -124 -93 35 80 -20 16 4 -58 51 -106 109 -65 -27 -71 -78 -2 96 -37 10 100 122 -119 71 -68 -108 -71 70 -95 77 -126 96 -104 -110 -112 -81 -59 -45 -88 -24 100 -29 -1 -122 -33
