1801427034 -2146654812 -385811997 -653014513 2137857402 -1617531833 -1210863817 1536713141 -444005549 -2130132528 -756028586 -156709915 1580724626 1799241024 -1064051120 678675082 436802874 -930626365 -976194580 1516699087 -905929766 -862588036 362893924 221274041 -656861356
-1595073875 1949754991 -889135779 1555425254 -2029432892 -925730700 -75201639 1654331645 -367013962 206179628 479478964 876892445 2002240159 -1389487263 -1013985602 -1930038833 -800906737 1890863164 2010096879 1901425201 -425792965 -27965019 -1717299013 240225973 1442380156
-610147789 -835369329 -1620553131 -525773104 -2043446496 -1402903505 -2012614732 -207883570 -1197724650 508257351 200586155 99267203 1783720894 -393241976 -1666236438 -1541603884 1034762641 -563330522 1071976682 -1703828532 -711170583 -2035955144 -348032600 91385479 -474399955
-1211416588 -1442023988 1389454464 -234357068 605653307 -963794926 1152542370 1468623220 1563377314 -227667067 -625251453 969851072 -1698779267 -1078300639 115468274 -786461832 742048698 -234688976 1115814320 722179694 -1048394968 1104902215 799201872 53366647 513647501
830895028 414047587 -731472802 -122104829 869132015 -454547378 -1498371392 -299572522 944367508 -815953353 -1100137239 -1969288818 -1955451467 -2024225179 747119668 668035603 1945314421 -1164001086 -2022622267 190150487 -631211133 -841135023 54108279 1879226698 -296465594
-1007970796 1865971590 -1272464311 12301993 -1453472050 334702968 299326082 -627134982 2020563149 1495124272 457802408 328914156 -1349029960 -724018938 -49843665 -1637063928 -454495291 -953293591 1486181155 59799973 1968657366 -1217462879 1410269438 775127346 1559071084
-1693562141 1607559166 -429583906 412564195 1514935206 786467021 404682878 -1971012863 -1894005989 -1537890635 -252214278 -1996683993 789398921 -969404068 1982705206 1022665255 794406922 -1034461072 1600731465 1493504502 1825244122 123176939 -48066054 1998501006 -120594660
-813389739 20635560 -1107915504 345886666 2080995527 716679162 237872198 -3896271 1316456044 1380405354 -1797496577 284313147 270240335 -252361882 1466578764 175956280 1070710627 1958435085 303496821 1137082281 1697545984 218071891 1565984589 -1916968115 -62503982
-1987202570 -276784922 562472813 -1128938486 -257820220 -622437864 970282694 555288552 -639095601 1150163810 -654506966 -211945059 824069405 -905018633 749396398 606887821 -667319992 -712776220 -1740654900 1744499206 -1327701425 -1253320096 -828707813 -398761051 1432679636
2082286477 -1373490879 1132340710 -1030263607 184607565 1815918004 -2083858879 -1827047274 -956364226 1479811236 494774814 -1952464627 1180273186 -1518237430 1344512900 -972812052 -1083337165 -21841435 1678433120 -1136162438 -1589200492 -1738505651 -978349934 1692969171 -544800797
